450 
392 
0.000000E+00 0.000000E+00 2.920000E+01 
0.000000E+00 0.000000E+00 2.920000E+01 
3.000000E+00 0.000000E+00 2.920000E+01 
0.000000E+00 0.000000E+00 -8.610000E+00 
2.890800E+00 0.000000E+00 -8.610000E+00 
0.000000E+00 0.000000E+00 -8.610000E+00 
1.497460E+01 0.000000E+00 -8.610000E+00 
0.000000E+00 0.000000E+00 -8.610000E+00 
0.000000E+00 0.000000E+00 -8.610000E+00 
0.000000E+00 0.000000E+00 2.920000E+01 
0.000000E+00 0.000000E+00 2.920000E+01 
2.993836E+00 1.922107E-01 2.920000E+01 
0.000000E+00 0.000000E+00 -8.610000E+00 
2.884861E+00 1.852142E-01 -8.610000E+00 
0.000000E+00 0.000000E+00 -8.610000E+00 
1.494383E+01 9.594259E-01 -8.610000E+00 
0.000000E+00 0.000000E+00 -8.610000E+00 
0.000000E+00 0.000000E+00 -8.610000E+00 
0.000000E+00 0.000000E+00 2.920000E+01 
0.000000E+00 0.000000E+00 2.920000E+01 
2.975370E+00 3.836315E-01 2.920000E+01 
0.000000E+00 0.000000E+00 -8.610000E+00 
2.867067E+00 3.696673E-01 -8.610000E+00 
0.000000E+00 0.000000E+00 -8.610000E+00 
1.485166E+01 1.914909E+00 -8.610000E+00 
0.000000E+00 0.000000E+00 -8.610000E+00 
0.000000E+00 0.000000E+00 -8.610000E+00 
0.000000E+00 0.000000E+00 2.920000E+01 
0.000000E+00 0.000000E+00 2.920000E+01 
2.944677E+00 5.734759E-01 2.920000E+01 
0.000000E+00 0.000000E+00 -8.610000E+00 
2.837491E+00 5.526014E-01 -8.610000E+00 
0.000000E+00 0.000000E+00 -8.610000E+00 
1.469846E+01 2.862524E+00 -8.610000E+00 
0.000000E+00 0.000000E+00 -8.610000E+00 
0.000000E+00 0.000000E+00 -8.610000E+00 
0.000000E+00 0.000000E+00 2.920000E+01 
0.000000E+00 0.000000E+00 2.920000E+01 
2.901885E+00 7.609638E-01 2.920000E+01 
0.000000E+00 0.000000E+00 -8.610000E+00 
2.796256E+00 7.332647E-01 -8.610000E+00 
0.000000E+00 0.000000E+00 -8.610000E+00 
1.448485E+01 3.798376E+00 -8.610000E+00 
0.000000E+00 0.000000E+00 -8.610000E+00 
0.000000E+00 0.000000E+00 -8.610000E+00 
0.000000E+00 0.000000E+00 2.920000E+01 
0.000000E+00 0.000000E+00 2.920000E+01 
2.847167E+00 9.453247E-01 2.920000E+01 
0.000000E+00 0.000000E+00 -8.610000E+00 
2.743530E+00 9.109148E-01 -8.610000E+00 
0.000000E+00 0.000000E+00 -8.610000E+00 
1.421173E+01 4.718620E+00 -8.610000E+00 
0.000000E+00 0.000000E+00 -8.610000E+00 
0.000000E+00 0.000000E+00 -8.610000E+00 
0.000000E+00 0.000000E+00 2.920000E+01 
0.000000E+00 0.000000E+00 2.920000E+01 
2.780750E+00 1.125801E+00 2.920000E+01 
0.000000E+00 0.000000E+00 -8.610000E+00 
2.679531E+00 1.084822E+00 -8.610000E+00 
0.000000E+00 0.000000E+00 -8.610000E+00 
1.388021E+01 5.619473E+00 -8.610000E+00 
0.000000E+00 0.000000E+00 -8.610000E+00 
0.000000E+00 0.000000E+00 -8.610000E+00 
0.000000E+00 0.000000E+00 2.920000E+01 
0.000000E+00 0.000000E+00 2.920000E+01 
2.702907E+00 1.301651E+00 2.920000E+01 
0.000000E+00 0.000000E+00 -8.610000E+00 
2.604521E+00 1.254271E+00 -8.610000E+00 
0.000000E+00 0.000000E+00 -8.610000E+00 
1.349165E+01 6.497235E+00 -8.610000E+00 
0.000000E+00 0.000000E+00 -8.610000E+00 
0.000000E+00 0.000000E+00 -8.610000E+00 
0.000000E+00 0.000000E+00 2.920000E+01 
0.000000E+00 0.000000E+00 2.920000E+01 
2.613956E+00 1.472153E+00 2.920000E+01 
0.000000E+00 0.000000E+00 -8.610000E+00 
2.518808E+00 1.418566E+00 -8.610000E+00 
0.000000E+00 0.000000E+00 -8.610000E+00 
1.304765E+01 7.348299E+00 -8.610000E+00 
0.000000E+00 0.000000E+00 -8.610000E+00 
0.000000E+00 0.000000E+00 -8.610000E+00 
0.000000E+00 0.000000E+00 2.920000E+01 
0.000000E+00 0.000000E+00 2.920000E+01 
2.514264E+00 1.636605E+00 2.920000E+01 
0.000000E+00 0.000000E+00 -8.610000E+00 
2.422745E+00 1.577032E+00 -8.610000E+00 
0.000000E+00 0.000000E+00 -8.610000E+00 
1.255003E+01 8.169167E+00 -8.610000E+00 
0.000000E+00 0.000000E+00 -8.610000E+00 
0.000000E+00 0.000000E+00 -8.610000E+00 
0.000000E+00 0.000000E+00 2.920000E+01 
0.000000E+00 0.000000E+00 2.920000E+01 
2.404241E+00 1.794332E+00 2.920000E+01 
0.000000E+00 0.000000E+00 -8.610000E+00 
2.316726E+00 1.729018E+00 -8.610000E+00 
0.000000E+00 0.000000E+00 -8.610000E+00 
1.200085E+01 8.956466E+00 -8.610000E+00 
0.000000E+00 0.000000E+00 -8.610000E+00 
0.000000E+00 0.000000E+00 -8.610000E+00 
0.000000E+00 0.000000E+00 2.920000E+01 
0.000000E+00 0.000000E+00 2.920000E+01 
2.284338E+00 1.944685E+00 2.920000E+01 
0.000000E+00 0.000000E+00 -8.610000E+00 
2.201188E+00 1.873899E+00 -8.610000E+00 
0.000000E+00 0.000000E+00 -8.610000E+00 
1.140235E+01 9.706961E+00 -8.610000E+00 
0.000000E+00 0.000000E+00 -8.610000E+00 
0.000000E+00 0.000000E+00 -8.610000E+00 
0.000000E+00 0.000000E+00 2.920000E+01 
0.000000E+00 0.000000E+00 2.920000E+01 
2.155048E+00 2.087048E+00 2.920000E+01 
0.000000E+00 0.000000E+00 -8.610000E+00 
2.076604E+00 2.011079E+00 -8.610000E+00 
0.000000E+00 0.000000E+00 -8.610000E+00 
1.075699E+01 1.041757E+01 -8.610000E+00 
0.000000E+00 0.000000E+00 -8.610000E+00 
0.000000E+00 0.000000E+00 -8.610000E+00 
0.000000E+00 0.000000E+00 2.920000E+01 
0.000000E+00 0.000000E+00 2.920000E+01 
2.016903E+00 2.220834E+00 2.920000E+01 
0.000000E+00 0.000000E+00 -8.610000E+00 
1.943487E+00 2.139996E+00 -8.610000E+00 
0.000000E+00 0.000000E+00 -8.610000E+00 
1.006744E+01 1.108537E+01 -8.610000E+00 
0.000000E+00 0.000000E+00 -8.610000E+00 
0.000000E+00 0.000000E+00 -8.610000E+00 
0.000000E+00 0.000000E+00 2.920000E+01 
0.000000E+00 0.000000E+00 2.920000E+01 
1.870469E+00 2.345494E+00 2.920000E+01 
0.000000E+00 0.000000E+00 -8.610000E+00 
1.802384E+00 2.260118E+00 -8.610000E+00 
0.000000E+00 0.000000E+00 -8.610000E+00 
9.336510E+00 1.170761E+01 -8.610000E+00 
0.000000E+00 0.000000E+00 -8.610000E+00 
0.000000E+00 0.000000E+00 -8.610000E+00 
0.000000E+00 0.000000E+00 2.920000E+01 
0.000000E+00 0.000000E+00 2.920000E+01 
1.716350E+00 2.460517E+00 2.920000E+01 
0.000000E+00 0.000000E+00 -8.610000E+00 
1.653875E+00 2.370954E+00 -8.610000E+00 
0.000000E+00 0.000000E+00 -8.610000E+00 
8.567218E+00 1.228175E+01 -8.610000E+00 
0.000000E+00 0.000000E+00 -8.610000E+00 
0.000000E+00 0.000000E+00 -8.610000E+00 
0.000000E+00 0.000000E+00 2.920000E+01 
0.000000E+00 0.000000E+00 2.920000E+01 
1.555178E+00 2.565428E+00 2.920000E+01 
0.000000E+00 0.000000E+00 -8.610000E+00 
1.498569E+00 2.472047E+00 -8.610000E+00 
0.000000E+00 0.000000E+00 -8.610000E+00 
7.762721E+00 1.280542E+01 -8.610000E+00 
0.000000E+00 0.000000E+00 -8.610000E+00 
0.000000E+00 0.000000E+00 -8.610000E+00 
0.000000E+00 0.000000E+00 2.920000E+01 
0.000000E+00 0.000000E+00 2.920000E+01 
1.387615E+00 2.659798E+00 2.920000E+01 
0.000000E+00 0.000000E+00 -8.610000E+00 
1.337106E+00 2.562981E+00 -8.610000E+00 
0.000000E+00 0.000000E+00 -8.610000E+00 
6.926326E+00 1.327647E+01 -8.610000E+00 
0.000000E+00 0.000000E+00 -8.610000E+00 
0.000000E+00 0.000000E+00 -8.610000E+00 
0.000000E+00 0.000000E+00 2.920000E+01 
0.000000E+00 0.000000E+00 2.920000E+01 
1.214350E+00 2.743238E+00 2.920000E+01 
0.000000E+00 0.000000E+00 -8.610000E+00 
1.170148E+00 2.643384E+00 -8.610000E+00 
0.000000E+00 0.000000E+00 -8.610000E+00 
6.061469E+00 1.369296E+01 -8.610000E+00 
0.000000E+00 0.000000E+00 -8.610000E+00 
0.000000E+00 0.000000E+00 -8.610000E+00 
0.000000E+00 0.000000E+00 2.920000E+01 
0.000000E+00 0.000000E+00 2.920000E+01 
1.036095E+00 2.815405E+00 2.920000E+01 
0.000000E+00 0.000000E+00 -8.610000E+00 
9.983813E-01 2.712925E+00 -8.610000E+00 
0.000000E+00 0.000000E+00 -8.610000E+00 
5.171704E+00 1.405319E+01 -8.610000E+00 
0.000000E+00 0.000000E+00 -8.610000E+00 
0.000000E+00 0.000000E+00 -8.610000E+00 
0.000000E+00 0.000000E+00 2.920000E+01 
0.000000E+00 0.000000E+00 2.920000E+01 
8.535828E-01 2.876004E+00 2.920000E+01 
0.000000E+00 0.000000E+00 -8.610000E+00 
8.225123E-01 2.771317E+00 -8.610000E+00 
0.000000E+00 0.000000E+00 -8.610000E+00 
4.260687E+00 1.435567E+01 -8.610000E+00 
0.000000E+00 0.000000E+00 -8.610000E+00 
0.000000E+00 0.000000E+00 -8.610000E+00 
0.000000E+00 0.000000E+00 2.920000E+01 
0.000000E+00 0.000000E+00 2.920000E+01 
6.675628E-01 2.924784E+00 2.920000E+01 
0.000000E+00 0.000000E+00 -8.610000E+00 
6.432635E-01 2.818322E+00 -8.610000E+00 
0.000000E+00 0.000000E+00 -8.610000E+00 
3.332162E+00 1.459916E+01 -8.610000E+00 
0.000000E+00 0.000000E+00 -8.610000E+00 
0.000000E+00 0.000000E+00 -8.610000E+00 
0.000000E+00 0.000000E+00 2.920000E+01 
0.000000E+00 0.000000E+00 2.920000E+01 
4.787997E-01 2.961545E+00 2.920000E+01 
0.000000E+00 0.000000E+00 -8.610000E+00 
4.613714E-01 2.853745E+00 -8.610000E+00 
0.000000E+00 0.000000E+00 -8.610000E+00 
2.389945E+00 1.478265E+01 -8.610000E+00 
0.000000E+00 0.000000E+00 -8.610000E+00 
0.000000E+00 0.000000E+00 -8.610000E+00 
0.000000E+00 0.000000E+00 2.920000E+01 
0.000000E+00 0.000000E+00 2.920000E+01 
2.880691E-01 2.986137E+00 2.920000E+01 
0.000000E+00 0.000000E+00 -8.610000E+00 
2.775834E-01 2.877442E+00 -8.610000E+00 
0.000000E+00 0.000000E+00 -8.610000E+00 
1.437906E+00 1.490540E+01 -8.610000E+00 
0.000000E+00 0.000000E+00 -8.610000E+00 
0.000000E+00 0.000000E+00 -8.610000E+00 
0.000000E+00 0.000000E+00 2.920000E+01 
0.000000E+00 0.000000E+00 2.920000E+01 
9.615473E-02 2.998459E+00 2.920000E+01 
0.000000E+00 0.000000E+00 -8.610000E+00 
9.265470E-02 2.889315E+00 -8.610000E+00 
0.000000E+00 0.000000E+00 -8.610000E+00 
4.799596E-01 1.496691E+01 -8.610000E+00 
0.000000E+00 0.000000E+00 -8.610000E+00 
0.000000E+00 0.000000E+00 -8.610000E+00 
-0.000000E+00 0.000000E+00 2.920000E+01 
-0.000000E+00 0.000000E+00 2.920000E+01 
-9.615473E-02 2.998459E+00 2.920000E+01 
-0.000000E+00 0.000000E+00 -8.610000E+00 
-9.265470E-02 2.889315E+00 -8.610000E+00 
-0.000000E+00 0.000000E+00 -8.610000E+00 
-4.799596E-01 1.496691E+01 -8.610000E+00 
-0.000000E+00 0.000000E+00 -8.610000E+00 
-0.000000E+00 0.000000E+00 -8.610000E+00 
-0.000000E+00 0.000000E+00 2.920000E+01 
-0.000000E+00 0.000000E+00 2.920000E+01 
-2.880691E-01 2.986137E+00 2.920000E+01 
-0.000000E+00 0.000000E+00 -8.610000E+00 
-2.775834E-01 2.877442E+00 -8.610000E+00 
-0.000000E+00 0.000000E+00 -8.610000E+00 
-1.437906E+00 1.490540E+01 -8.610000E+00 
-0.000000E+00 0.000000E+00 -8.610000E+00 
-0.000000E+00 0.000000E+00 -8.610000E+00 
-0.000000E+00 0.000000E+00 2.920000E+01 
-0.000000E+00 0.000000E+00 2.920000E+01 
-4.787997E-01 2.961545E+00 2.920000E+01 
-0.000000E+00 0.000000E+00 -8.610000E+00 
-4.613714E-01 2.853745E+00 -8.610000E+00 
-0.000000E+00 0.000000E+00 -8.610000E+00 
-2.389945E+00 1.478265E+01 -8.610000E+00 
-0.000000E+00 0.000000E+00 -8.610000E+00 
-0.000000E+00 0.000000E+00 -8.610000E+00 
-0.000000E+00 0.000000E+00 2.920000E+01 
-0.000000E+00 0.000000E+00 2.920000E+01 
-6.675628E-01 2.924784E+00 2.920000E+01 
-0.000000E+00 0.000000E+00 -8.610000E+00 
-6.432635E-01 2.818322E+00 -8.610000E+00 
-0.000000E+00 0.000000E+00 -8.610000E+00 
-3.332162E+00 1.459916E+01 -8.610000E+00 
-0.000000E+00 0.000000E+00 -8.610000E+00 
-0.000000E+00 0.000000E+00 -8.610000E+00 
-0.000000E+00 0.000000E+00 2.920000E+01 
-0.000000E+00 0.000000E+00 2.920000E+01 
-8.535828E-01 2.876004E+00 2.920000E+01 
-0.000000E+00 0.000000E+00 -8.610000E+00 
-8.225123E-01 2.771317E+00 -8.610000E+00 
-0.000000E+00 0.000000E+00 -8.610000E+00 
-4.260687E+00 1.435567E+01 -8.610000E+00 
-0.000000E+00 0.000000E+00 -8.610000E+00 
-0.000000E+00 0.000000E+00 -8.610000E+00 
-0.000000E+00 0.000000E+00 2.920000E+01 
-0.000000E+00 0.000000E+00 2.920000E+01 
-1.036095E+00 2.815405E+00 2.920000E+01 
-0.000000E+00 0.000000E+00 -8.610000E+00 
-9.983813E-01 2.712925E+00 -8.610000E+00 
-0.000000E+00 0.000000E+00 -8.610000E+00 
-5.171704E+00 1.405319E+01 -8.610000E+00 
-0.000000E+00 0.000000E+00 -8.610000E+00 
-0.000000E+00 0.000000E+00 -8.610000E+00 
-0.000000E+00 0.000000E+00 2.920000E+01 
-0.000000E+00 0.000000E+00 2.920000E+01 
-1.214350E+00 2.743238E+00 2.920000E+01 
-0.000000E+00 0.000000E+00 -8.610000E+00 
-1.170148E+00 2.643384E+00 -8.610000E+00 
-0.000000E+00 0.000000E+00 -8.610000E+00 
-6.061469E+00 1.369296E+01 -8.610000E+00 
-0.000000E+00 0.000000E+00 -8.610000E+00 
-0.000000E+00 0.000000E+00 -8.610000E+00 
-0.000000E+00 0.000000E+00 2.920000E+01 
-0.000000E+00 0.000000E+00 2.920000E+01 
-1.387615E+00 2.659798E+00 2.920000E+01 
-0.000000E+00 0.000000E+00 -8.610000E+00 
-1.337106E+00 2.562981E+00 -8.610000E+00 
-0.000000E+00 0.000000E+00 -8.610000E+00 
-6.926326E+00 1.327647E+01 -8.610000E+00 
-0.000000E+00 0.000000E+00 -8.610000E+00 
-0.000000E+00 0.000000E+00 -8.610000E+00 
-0.000000E+00 0.000000E+00 2.920000E+01 
-0.000000E+00 0.000000E+00 2.920000E+01 
-1.555178E+00 2.565428E+00 2.920000E+01 
-0.000000E+00 0.000000E+00 -8.610000E+00 
-1.498569E+00 2.472047E+00 -8.610000E+00 
-0.000000E+00 0.000000E+00 -8.610000E+00 
-7.762721E+00 1.280542E+01 -8.610000E+00 
-0.000000E+00 0.000000E+00 -8.610000E+00 
-0.000000E+00 0.000000E+00 -8.610000E+00 
-0.000000E+00 0.000000E+00 2.920000E+01 
-0.000000E+00 0.000000E+00 2.920000E+01 
-1.716350E+00 2.460517E+00 2.920000E+01 
-0.000000E+00 0.000000E+00 -8.610000E+00 
-1.653875E+00 2.370954E+00 -8.610000E+00 
-0.000000E+00 0.000000E+00 -8.610000E+00 
-8.567218E+00 1.228175E+01 -8.610000E+00 
-0.000000E+00 0.000000E+00 -8.610000E+00 
-0.000000E+00 0.000000E+00 -8.610000E+00 
-0.000000E+00 0.000000E+00 2.920000E+01 
-0.000000E+00 0.000000E+00 2.920000E+01 
-1.870469E+00 2.345494E+00 2.920000E+01 
-0.000000E+00 0.000000E+00 -8.610000E+00 
-1.802384E+00 2.260118E+00 -8.610000E+00 
-0.000000E+00 0.000000E+00 -8.610000E+00 
-9.336510E+00 1.170761E+01 -8.610000E+00 
-0.000000E+00 0.000000E+00 -8.610000E+00 
-0.000000E+00 0.000000E+00 -8.610000E+00 
-0.000000E+00 0.000000E+00 2.920000E+01 
-0.000000E+00 0.000000E+00 2.920000E+01 
-2.016903E+00 2.220834E+00 2.920000E+01 
-0.000000E+00 0.000000E+00 -8.610000E+00 
-1.943487E+00 2.139996E+00 -8.610000E+00 
-0.000000E+00 0.000000E+00 -8.610000E+00 
-1.006744E+01 1.108537E+01 -8.610000E+00 
-0.000000E+00 0.000000E+00 -8.610000E+00 
-0.000000E+00 0.000000E+00 -8.610000E+00 
-0.000000E+00 0.000000E+00 2.920000E+01 
-0.000000E+00 0.000000E+00 2.920000E+01 
-2.155048E+00 2.087048E+00 2.920000E+01 
-0.000000E+00 0.000000E+00 -8.610000E+00 
-2.076604E+00 2.011079E+00 -8.610000E+00 
-0.000000E+00 0.000000E+00 -8.610000E+00 
-1.075699E+01 1.041757E+01 -8.610000E+00 
-0.000000E+00 0.000000E+00 -8.610000E+00 
-0.000000E+00 0.000000E+00 -8.610000E+00 
-0.000000E+00 0.000000E+00 2.920000E+01 
-0.000000E+00 0.000000E+00 2.920000E+01 
-2.284338E+00 1.944685E+00 2.920000E+01 
-0.000000E+00 0.000000E+00 -8.610000E+00 
-2.201188E+00 1.873899E+00 -8.610000E+00 
-0.000000E+00 0.000000E+00 -8.610000E+00 
-1.140235E+01 9.706961E+00 -8.610000E+00 
-0.000000E+00 0.000000E+00 -8.610000E+00 
-0.000000E+00 0.000000E+00 -8.610000E+00 
-0.000000E+00 0.000000E+00 2.920000E+01 
-0.000000E+00 0.000000E+00 2.920000E+01 
-2.404241E+00 1.794332E+00 2.920000E+01 
-0.000000E+00 0.000000E+00 -8.610000E+00 
-2.316726E+00 1.729018E+00 -8.610000E+00 
-0.000000E+00 0.000000E+00 -8.610000E+00 
-1.200085E+01 8.956466E+00 -8.610000E+00 
-0.000000E+00 0.000000E+00 -8.610000E+00 
-0.000000E+00 0.000000E+00 -8.610000E+00 
-0.000000E+00 0.000000E+00 2.920000E+01 
-0.000000E+00 0.000000E+00 2.920000E+01 
-2.514264E+00 1.636605E+00 2.920000E+01 
-0.000000E+00 0.000000E+00 -8.610000E+00 
-2.422745E+00 1.577032E+00 -8.610000E+00 
-0.000000E+00 0.000000E+00 -8.610000E+00 
-1.255003E+01 8.169167E+00 -8.610000E+00 
-0.000000E+00 0.000000E+00 -8.610000E+00 
-0.000000E+00 0.000000E+00 -8.610000E+00 
-0.000000E+00 0.000000E+00 2.920000E+01 
-0.000000E+00 0.000000E+00 2.920000E+01 
-2.613956E+00 1.472153E+00 2.920000E+01 
-0.000000E+00 0.000000E+00 -8.610000E+00 
-2.518808E+00 1.418566E+00 -8.610000E+00 
-0.000000E+00 0.000000E+00 -8.610000E+00 
-1.304765E+01 7.348299E+00 -8.610000E+00 
-0.000000E+00 0.000000E+00 -8.610000E+00 
-0.000000E+00 0.000000E+00 -8.610000E+00 
-0.000000E+00 0.000000E+00 2.920000E+01 
-0.000000E+00 0.000000E+00 2.920000E+01 
-2.702907E+00 1.301651E+00 2.920000E+01 
-0.000000E+00 0.000000E+00 -8.610000E+00 
-2.604521E+00 1.254271E+00 -8.610000E+00 
-0.000000E+00 0.000000E+00 -8.610000E+00 
-1.349165E+01 6.497235E+00 -8.610000E+00 
-0.000000E+00 0.000000E+00 -8.610000E+00 
-0.000000E+00 0.000000E+00 -8.610000E+00 
-0.000000E+00 0.000000E+00 2.920000E+01 
-0.000000E+00 0.000000E+00 2.920000E+01 
-2.780750E+00 1.125801E+00 2.920000E+01 
-0.000000E+00 0.000000E+00 -8.610000E+00 
-2.679531E+00 1.084822E+00 -8.610000E+00 
-0.000000E+00 0.000000E+00 -8.610000E+00 
-1.388021E+01 5.619473E+00 -8.610000E+00 
-0.000000E+00 0.000000E+00 -8.610000E+00 
-0.000000E+00 0.000000E+00 -8.610000E+00 
-0.000000E+00 0.000000E+00 2.920000E+01 
-0.000000E+00 0.000000E+00 2.920000E+01 
-2.847167E+00 9.453247E-01 2.920000E+01 
-0.000000E+00 0.000000E+00 -8.610000E+00 
-2.743530E+00 9.109148E-01 -8.610000E+00 
-0.000000E+00 0.000000E+00 -8.610000E+00 
-1.421173E+01 4.718620E+00 -8.610000E+00 
-0.000000E+00 0.000000E+00 -8.610000E+00 
-0.000000E+00 0.000000E+00 -8.610000E+00 
-0.000000E+00 0.000000E+00 2.920000E+01 
-0.000000E+00 0.000000E+00 2.920000E+01 
-2.901885E+00 7.609638E-01 2.920000E+01 
-0.000000E+00 0.000000E+00 -8.610000E+00 
-2.796256E+00 7.332647E-01 -8.610000E+00 
-0.000000E+00 0.000000E+00 -8.610000E+00 
-1.448485E+01 3.798376E+00 -8.610000E+00 
-0.000000E+00 0.000000E+00 -8.610000E+00 
-0.000000E+00 0.000000E+00 -8.610000E+00 
-0.000000E+00 0.000000E+00 2.920000E+01 
-0.000000E+00 0.000000E+00 2.920000E+01 
-2.944677E+00 5.734759E-01 2.920000E+01 
-0.000000E+00 0.000000E+00 -8.610000E+00 
-2.837491E+00 5.526014E-01 -8.610000E+00 
-0.000000E+00 0.000000E+00 -8.610000E+00 
-1.469846E+01 2.862524E+00 -8.610000E+00 
-0.000000E+00 0.000000E+00 -8.610000E+00 
-0.000000E+00 0.000000E+00 -8.610000E+00 
-0.000000E+00 0.000000E+00 2.920000E+01 
-0.000000E+00 0.000000E+00 2.920000E+01 
-2.975370E+00 3.836315E-01 2.920000E+01 
-0.000000E+00 0.000000E+00 -8.610000E+00 
-2.867067E+00 3.696673E-01 -8.610000E+00 
-0.000000E+00 0.000000E+00 -8.610000E+00 
-1.485166E+01 1.914909E+00 -8.610000E+00 
-0.000000E+00 0.000000E+00 -8.610000E+00 
-0.000000E+00 0.000000E+00 -8.610000E+00 
-0.000000E+00 0.000000E+00 2.920000E+01 
-0.000000E+00 0.000000E+00 2.920000E+01 
-2.993836E+00 1.922107E-01 2.920000E+01 
-0.000000E+00 0.000000E+00 -8.610000E+00 
-2.884861E+00 1.852142E-01 -8.610000E+00 
-0.000000E+00 0.000000E+00 -8.610000E+00 
-1.494383E+01 9.594259E-01 -8.610000E+00 
-0.000000E+00 0.000000E+00 -8.610000E+00 
-0.000000E+00 0.000000E+00 -8.610000E+00 
-0.000000E+00 0.000000E+00 2.920000E+01 
-0.000000E+00 0.000000E+00 2.920000E+01 
-3.000000E+00 3.673940E-16 2.920000E+01 
-0.000000E+00 0.000000E+00 -8.610000E+00 
-2.890800E+00 3.540209E-16 -8.610000E+00 
-0.000000E+00 0.000000E+00 -8.610000E+00 
-1.497460E+01 1.833860E-15 -8.610000E+00 
-0.000000E+00 0.000000E+00 -8.610000E+00 
-0.000000E+00 0.000000E+00 -8.610000E+00 
1 2 11 10 
10 11 20 19 
19 20 29 28 
28 29 38 37 
37 38 47 46 
46 47 56 55 
55 56 65 64 
64 65 74 73 
73 74 83 82 
82 83 92 91 
91 92 101 100 
100 101 110 109 
109 110 119 118 
118 119 128 127 
127 128 137 136 
136 137 146 145 
145 146 155 154 
154 155 164 163 
163 164 173 172 
172 173 182 181 
181 182 191 190 
190 191 200 199 
199 200 209 208 
208 209 218 217 
217 218 227 226 
226 227 236 235 
235 236 245 244 
244 245 254 253 
253 254 263 262 
262 263 272 271 
271 272 281 280 
280 281 290 289 
289 290 299 298 
298 299 308 307 
307 308 317 316 
316 317 326 325 
325 326 335 334 
334 335 344 343 
343 344 353 352 
352 353 362 361 
361 362 371 370 
370 371 380 379 
379 380 389 388 
388 389 398 397 
397 398 407 406 
406 407 416 415 
415 416 425 424 
424 425 434 433 
433 434 443 442 
2 3 12 11 
11 12 21 20 
20 21 30 29 
29 30 39 38 
38 39 48 47 
47 48 57 56 
56 57 66 65 
65 66 75 74 
74 75 84 83 
83 84 93 92 
92 93 102 101 
101 102 111 110 
110 111 120 119 
119 120 129 128 
128 129 138 137 
137 138 147 146 
146 147 156 155 
155 156 165 164 
164 165 174 173 
173 174 183 182 
182 183 192 191 
191 192 201 200 
200 201 210 209 
209 210 219 218 
218 219 228 227 
227 228 237 236 
236 237 246 245 
245 246 255 254 
254 255 264 263 
263 264 273 272 
272 273 282 281 
281 282 291 290 
290 291 300 299 
299 300 309 308 
308 309 318 317 
317 318 327 326 
326 327 336 335 
335 336 345 344 
344 345 354 353 
353 354 363 362 
362 363 372 371 
371 372 381 380 
380 381 390 389 
389 390 399 398 
398 399 408 407 
407 408 417 416 
416 417 426 425 
425 426 435 434 
434 435 444 443 
3 4 13 12 
12 13 22 21 
21 22 31 30 
30 31 40 39 
39 40 49 48 
48 49 58 57 
57 58 67 66 
66 67 76 75 
75 76 85 84 
84 85 94 93 
93 94 103 102 
102 103 112 111 
111 112 121 120 
120 121 130 129 
129 130 139 138 
138 139 148 147 
147 148 157 156 
156 157 166 165 
165 166 175 174 
174 175 184 183 
183 184 193 192 
192 193 202 201 
201 202 211 210 
210 211 220 219 
219 220 229 228 
228 229 238 237 
237 238 247 246 
246 247 256 255 
255 256 265 264 
264 265 274 273 
273 274 283 282 
282 283 292 291 
291 292 301 300 
300 301 310 309 
309 310 319 318 
318 319 328 327 
327 328 337 336 
336 337 346 345 
345 346 355 354 
354 355 364 363 
363 364 373 372 
372 373 382 381 
381 382 391 390 
390 391 400 399 
399 400 409 408 
408 409 418 417 
417 418 427 426 
426 427 436 435 
435 436 445 444 
4 5 14 13 
13 14 23 22 
22 23 32 31 
31 32 41 40 
40 41 50 49 
49 50 59 58 
58 59 68 67 
67 68 77 76 
76 77 86 85 
85 86 95 94 
94 95 104 103 
103 104 113 112 
112 113 122 121 
121 122 131 130 
130 131 140 139 
139 140 149 148 
148 149 158 157 
157 158 167 166 
166 167 176 175 
175 176 185 184 
184 185 194 193 
193 194 203 202 
202 203 212 211 
211 212 221 220 
220 221 230 229 
229 230 239 238 
238 239 248 247 
247 248 257 256 
256 257 266 265 
265 266 275 274 
274 275 284 283 
283 284 293 292 
292 293 302 301 
301 302 311 310 
310 311 320 319 
319 320 329 328 
328 329 338 337 
337 338 347 346 
346 347 356 355 
355 356 365 364 
364 365 374 373 
373 374 383 382 
382 383 392 391 
391 392 401 400 
400 401 410 409 
409 410 419 418 
418 419 428 427 
427 428 437 436 
436 437 446 445 
5 6 15 14 
14 15 24 23 
23 24 33 32 
32 33 42 41 
41 42 51 50 
50 51 60 59 
59 60 69 68 
68 69 78 77 
77 78 87 86 
86 87 96 95 
95 96 105 104 
104 105 114 113 
113 114 123 122 
122 123 132 131 
131 132 141 140 
140 141 150 149 
149 150 159 158 
158 159 168 167 
167 168 177 176 
176 177 186 185 
185 186 195 194 
194 195 204 203 
203 204 213 212 
212 213 222 221 
221 222 231 230 
230 231 240 239 
239 240 249 248 
248 249 258 257 
257 258 267 266 
266 267 276 275 
275 276 285 284 
284 285 294 293 
293 294 303 302 
302 303 312 311 
311 312 321 320 
320 321 330 329 
329 330 339 338 
338 339 348 347 
347 348 357 356 
356 357 366 365 
365 366 375 374 
374 375 384 383 
383 384 393 392 
392 393 402 401 
401 402 411 410 
410 411 420 419 
419 420 429 428 
428 429 438 437 
437 438 447 446 
6 7 16 15 
15 16 25 24 
24 25 34 33 
33 34 43 42 
42 43 52 51 
51 52 61 60 
60 61 70 69 
69 70 79 78 
78 79 88 87 
87 88 97 96 
96 97 106 105 
105 106 115 114 
114 115 124 123 
123 124 133 132 
132 133 142 141 
141 142 151 150 
150 151 160 159 
159 160 169 168 
168 169 178 177 
177 178 187 186 
186 187 196 195 
195 196 205 204 
204 205 214 213 
213 214 223 222 
222 223 232 231 
231 232 241 240 
240 241 250 249 
249 250 259 258 
258 259 268 267 
267 268 277 276 
276 277 286 285 
285 286 295 294 
294 295 304 303 
303 304 313 312 
312 313 322 321 
321 322 331 330 
330 331 340 339 
339 340 349 348 
348 349 358 357 
357 358 367 366 
366 367 376 375 
375 376 385 384 
384 385 394 393 
393 394 403 402 
402 403 412 411 
411 412 421 420 
420 421 430 429 
429 430 439 438 
438 439 448 447 
7 8 17 16 
16 17 26 25 
25 26 35 34 
34 35 44 43 
43 44 53 52 
52 53 62 61 
61 62 71 70 
70 71 80 79 
79 80 89 88 
88 89 98 97 
97 98 107 106 
106 107 116 115 
115 116 125 124 
124 125 134 133 
133 134 143 142 
142 143 152 151 
151 152 161 160 
160 161 170 169 
169 170 179 178 
178 179 188 187 
187 188 197 196 
196 197 206 205 
205 206 215 214 
214 215 224 223 
223 224 233 232 
232 233 242 241 
241 242 251 250 
250 251 260 259 
259 260 269 268 
268 269 278 277 
277 278 287 286 
286 287 296 295 
295 296 305 304 
304 305 314 313 
313 314 323 322 
322 323 332 331 
331 332 341 340 
340 341 350 349 
349 350 359 358 
358 359 368 367 
367 368 377 376 
376 377 386 385 
385 386 395 394 
394 395 404 403 
403 404 413 412 
412 413 422 421 
421 422 431 430 
430 431 440 439 
439 440 449 448 
8 9 18 17 
17 18 27 26 
26 27 36 35 
35 36 45 44 
44 45 54 53 
53 54 63 62 
62 63 72 71 
71 72 81 80 
80 81 90 89 
89 90 99 98 
98 99 108 107 
107 108 117 116 
116 117 126 125 
125 126 135 134 
134 135 144 143 
143 144 153 152 
152 153 162 161 
161 162 171 170 
170 171 180 179 
179 180 189 188 
188 189 198 197 
197 198 207 206 
206 207 216 215 
215 216 225 224 
224 225 234 233 
233 234 243 242 
242 243 252 251 
251 252 261 260 
260 261 270 269 
269 270 279 278 
278 279 288 287 
287 288 297 296 
296 297 306 305 
305 306 315 314 
314 315 324 323 
323 324 333 332 
332 333 342 341 
341 342 351 350 
350 351 360 359 
359 360 369 368 
368 369 378 377 
377 378 387 386 
386 387 396 395 
395 396 405 404 
404 405 414 413 
413 414 423 422 
422 423 432 431 
431 432 441 440 
440 441 450 449 
